Aniket,dalvi,nbhnnhb@gmail.com,766565,2
sssss,ssss,okfbbgujk@gmail.com,56565656,2
